6.179870e-01 4.318015e+02 1.931075e+02
6.295664e-01 5.181618e+02 2.115387e+02
6.411458e-01 2.590809e+02 1.495804e+02
6.527252e-01 3.454412e+02 1.727206e+02
6.643046e-01 6.908824e+02 2.442638e+02
6.758839e-01 9.499633e+02 2.864247e+02
6.874633e-01 1.122684e+03 3.113765e+02
6.990427e-01 2.590809e+03 4.730149e+02
7.106221e-01 3.799853e+03 5.728494e+02
7.222015e-01 4.836177e+03 6.462613e+02
7.337809e-01 6.217942e+03 7.327915e+02
7.453603e-01 7.081545e+03 7.820258e+02
7.569397e-01 8.290589e+03 8.461547e+02
7.685191e-01 1.260860e+04 1.043496e+03
7.800985e-01 1.390401e+04 1.095789e+03
7.916779e-01 1.891291e+04 1.278016e+03
8.032573e-01 2.599445e+04 1.498295e+03
8.148367e-01 2.918978e+04 1.587715e+03
8.264161e-01 3.756673e+04 1.801187e+03
8.379955e-01 4.482100e+04 1.967423e+03
8.495749e-01 5.354339e+04 2.150354e+03
8.611543e-01 6.563383e+04 2.380789e+03
8.727337e-01 7.435622e+04 2.534053e+03
8.843130e-01 8.532398e+04 2.714517e+03
8.958924e-01 1.000052e+05 2.938789e+03
9.074718e-01 1.110593e+05 3.096953e+03
9.190512e-01 1.421491e+05 3.503717e+03
9.306306e-01 1.507851e+05 3.608579e+03
9.422100e-01 1.710798e+05 3.843761e+03
9.537894e-01 1.936198e+05 4.089140e+03
9.653688e-01 2.070056e+05 4.228128e+03
9.769482e-01 2.386135e+05 4.539464e+03
9.885276e-01 2.546765e+05 4.689770e+03
1.000107e+00 2.858526e+05 4.968533e+03
1.011686e+00 3.100335e+05 5.174416e+03
1.023266e+00 3.296373e+05 5.335501e+03
1.034845e+00 3.567544e+05 5.550623e+03
1.046425e+00 3.838715e+05 5.757713e+03
1.058004e+00 4.009709e+05 5.884553e+03
1.069583e+00 4.088297e+05 5.941940e+03
1.081163e+00 4.345650e+05 6.126106e+03
1.092742e+00 4.578823e+05 6.288311e+03
1.104322e+00 4.603868e+05 6.305485e+03
1.115901e+00 4.622867e+05 6.318482e+03
1.127480e+00 4.685910e+05 6.361420e+03
1.139060e+00 4.464828e+05 6.209540e+03
1.150639e+00 4.375877e+05 6.147374e+03
1.162219e+00 4.029572e+05 5.899110e+03
1.173798e+00 3.260101e+05 5.306066e+03
1.185377e+00 1.951743e+05 4.105522e+03
