1.944576e-01 3.973043e+02 1.404683e+02
2.145933e-01 1.986522e+03 3.140966e+02
2.347290e-01 7.350130e+03 6.041770e+02
2.548647e-01 1.479959e+04 8.573170e+02
2.750004e-01 2.686770e+04 1.155133e+03
2.951361e-01 3.948212e+04 1.400286e+03
3.152717e-01 5.934733e+04 1.716790e+03
3.354074e-01 8.412919e+04 2.044043e+03
3.555431e-01 1.158142e+05 2.398267e+03
3.756788e-01 1.475986e+05 2.707433e+03
3.958145e-01 1.825117e+05 3.010662e+03
4.159502e-01 2.279037e+05 3.364282e+03
4.360859e-01 2.812418e+05 3.737288e+03
4.562216e-01 3.372617e+05 4.092608e+03
4.763573e-01 4.025686e+05 4.471329e+03
4.964930e-01 4.800429e+05 4.882662e+03
5.166287e-01 5.596031e+05 5.271773e+03
5.367644e-01 6.581843e+05 5.717292e+03
5.569001e-01 7.486207e+05 6.097440e+03
5.770358e-01 8.587236e+05 6.530454e+03
5.971715e-01 9.665918e+05 6.928484e+03
6.173072e-01 1.113942e+06 7.437859e+03
6.374429e-01 1.281555e+06 7.977838e+03
6.575786e-01 1.446585e+06 8.475955e+03
6.777143e-01 1.652488e+06 9.059116e+03
6.978500e-01 1.863109e+06 9.619130e+03
7.179857e-01 2.082272e+06 1.016917e+04
7.381214e-01 2.402648e+06 1.092350e+04
7.582571e-01 2.729630e+06 1.164310e+04
7.783928e-01 3.039080e+06 1.228536e+04
7.985285e-01 3.457342e+06 1.310352e+04
8.186642e-01 3.876945e+06 1.387591e+04
8.387999e-01 4.353512e+06 1.470403e+04
8.589356e-01 4.831916e+06 1.549089e+04
8.790713e-01 5.233640e+06 1.612199e+04
8.992070e-01 5.734691e+06 1.687608e+04
9.193427e-01 6.221537e+06 1.757784e+04
9.394784e-01 6.664134e+06 1.819234e+04
9.596141e-01 7.085277e+06 1.875837e+04
9.797498e-01 7.390506e+06 1.915816e+04
9.998855e-01 7.721510e+06 1.958248e+04
1.020021e+00 7.918970e+06 1.983129e+04
1.040157e+00 8.048492e+06 1.999281e+04
1.060293e+00 8.125171e+06 2.008783e+04
1.080428e+00 8.042880e+06 1.998584e+04
1.100564e+00 7.795756e+06 1.967641e+04
1.120700e+00 7.372180e+06 1.913439e+04
1.140835e+00 6.656536e+06 1.818196e+04
1.160971e+00 5.457174e+06 1.646268e+04
1.181107e+00 3.188169e+06 1.258309e+04
