8.625194e-02 5.274131e+04 1.795335e+03
1.026148e-01 1.040770e+05 2.522014e+03
1.189777e-01 1.363451e+05 2.886622e+03
1.353406e-01 1.565127e+05 3.092751e+03
1.517035e-01 1.666576e+05 3.191411e+03
1.680664e-01 1.805305e+05 3.321585e+03
1.844293e-01 1.812639e+05 3.328325e+03
2.007921e-01 1.909199e+05 3.415825e+03
2.171550e-01 1.954423e+05 3.456045e+03
2.335179e-01 2.021037e+05 3.514449e+03
2.498808e-01 1.934255e+05 3.438167e+03
2.662437e-01 1.999647e+05 3.495801e+03
2.826066e-01 1.978257e+05 3.477054e+03
2.989695e-01 1.986202e+05 3.484029e+03
3.153323e-01 1.877419e+05 3.387277e+03
3.316952e-01 1.905532e+05 3.412543e+03
3.480581e-01 1.841973e+05 3.355148e+03
3.644210e-01 1.823028e+05 3.337849e+03
3.807839e-01 1.815694e+05 3.331129e+03
3.971468e-01 1.753969e+05 3.274018e+03
4.135097e-01 1.695911e+05 3.219375e+03
4.298725e-01 1.606685e+05 3.133541e+03
4.462354e-01 1.631742e+05 3.157881e+03
4.625983e-01 1.648242e+05 3.173807e+03
4.789612e-01 1.608518e+05 3.135328e+03
4.953241e-01 1.543126e+05 3.070936e+03
5.116870e-01 1.482624e+05 3.010132e+03
5.280499e-01 1.503402e+05 3.031152e+03
5.444127e-01 1.471623e+05 2.998944e+03
5.607756e-01 1.449622e+05 2.976442e+03
5.771385e-01 1.318227e+05 2.838345e+03
5.935014e-01 1.265669e+05 2.781187e+03
6.098643e-01 1.181943e+05 2.687623e+03
6.262272e-01 1.068882e+05 2.555848e+03
6.425901e-01 9.545993e+04 2.415353e+03
6.589529e-01 8.720956e+04 2.308618e+03
6.753158e-01 7.327558e+04 2.116166e+03
6.916787e-01 6.575857e+04 2.004685e+03
7.080416e-01 5.604146e+04 1.850652e+03
7.244045e-01 5.109123e+04 1.767027e+03
7.407674e-01 4.479650e+04 1.654596e+03
7.571303e-01 3.465159e+04 1.455230e+03
7.734931e-01 2.933468e+04 1.338939e+03
7.898560e-01 2.462891e+04 1.226853e+03
8.062189e-01 1.595073e+04 9.873255e+02
8.225818e-01 1.136719e+04 8.334827e+02
8.389447e-01 7.822581e+03 6.914250e+02
8.553076e-01 4.766885e+03 5.397435e+02
8.716705e-01 2.505671e+03 3.913200e+02
8.880333e-01 8.555948e+02 2.286673e+02
