1.350344e-02 6.248328e+04 1.522172e+03
4.047065e-02 6.025836e+04 1.494826e+03
6.743787e-02 6.404073e+04 1.541026e+03
9.440508e-02 6.567234e+04 1.560534e+03
1.213723e-01 6.589483e+04 1.563175e+03
1.483395e-01 7.219878e+04 1.636240e+03
1.753067e-01 7.320000e+04 1.647546e+03
2.022739e-01 7.145714e+04 1.627814e+03
2.292412e-01 7.360790e+04 1.652130e+03
2.562084e-01 7.586990e+04 1.677323e+03
2.831756e-01 7.820607e+04 1.702951e+03
3.101428e-01 7.698237e+04 1.689575e+03
3.371100e-01 7.902188e+04 1.711810e+03
3.640772e-01 8.324924e+04 1.757001e+03
3.910444e-01 8.310091e+04 1.755435e+03
4.180117e-01 8.161762e+04 1.739698e+03
4.449789e-01 8.514042e+04 1.776846e+03
4.719461e-01 8.417629e+04 1.766757e+03
4.989133e-01 8.773616e+04 1.803729e+03
5.258805e-01 8.488085e+04 1.774136e+03
5.528477e-01 8.729118e+04 1.799149e+03
5.798149e-01 9.166686e+04 1.843691e+03
6.067822e-01 8.858905e+04 1.812475e+03
6.337494e-01 9.099939e+04 1.836966e+03
6.607166e-01 8.955319e+04 1.822311e+03
6.876838e-01 9.029483e+04 1.829841e+03
7.146510e-01 9.170395e+04 1.844064e+03
7.416182e-01 8.944194e+04 1.821179e+03
7.685854e-01 9.370638e+04 1.864089e+03
7.955527e-01 8.888571e+04 1.815507e+03
8.225199e-01 8.999817e+04 1.826833e+03
8.494871e-01 9.392887e+04 1.866300e+03
8.764543e-01 8.673495e+04 1.793408e+03
9.034215e-01 8.777325e+04 1.804110e+03
9.303887e-01 8.725410e+04 1.798767e+03
9.573560e-01 8.703161e+04 1.796472e+03
9.843232e-01 8.384255e+04 1.763251e+03
1.011290e+00 8.128389e+04 1.736138e+03
1.038258e+00 7.961519e+04 1.718225e+03
1.065225e+00 7.709361e+04 1.690796e+03
1.092192e+00 7.179088e+04 1.631611e+03
1.119159e+00 6.637690e+04 1.568883e+03
1.146126e+00 6.615440e+04 1.566251e+03
1.173094e+00 5.903465e+04 1.479570e+03
1.200061e+00 5.310152e+04 1.403251e+03
1.227028e+00 5.028328e+04 1.365506e+03
1.253995e+00 3.830577e+04 1.191829e+03
1.280963e+00 2.892401e+04 1.035646e+03
1.307930e+00 8.306382e+03 5.549935e+02
1.334897e+00 4.079027e+02 1.229873e+02
