1.186734e-02 2.026217e+06 9.239908e+03
3.560023e-02 1.995332e+06 9.169216e+03
5.933313e-02 1.928252e+06 9.013771e+03
8.306602e-02 1.855105e+06 8.841152e+03
1.067989e-01 1.824219e+06 8.767245e+03
1.305318e-01 1.750440e+06 8.588122e+03
1.542647e-01 1.693852e+06 8.448164e+03
1.779976e-01 1.636210e+06 8.303175e+03
2.017305e-01 1.569720e+06 8.132719e+03
2.254634e-01 1.515618e+06 7.991338e+03
2.491963e-01 1.462190e+06 7.849221e+03
2.729292e-01 1.403706e+06 7.690643e+03
2.966621e-01 1.355208e+06 7.556620e+03
3.203950e-01 1.319350e+06 7.455979e+03
3.441279e-01 1.273296e+06 7.324691e+03
3.678608e-01 1.204910e+06 7.125280e+03
3.915937e-01 1.153041e+06 6.970228e+03
4.153265e-01 1.103784e+06 6.819724e+03
4.390594e-01 1.062786e+06 6.691872e+03
4.627923e-01 1.010538e+06 6.525308e+03
4.865252e-01 9.604391e+05 6.361500e+03
5.102581e-01 9.119410e+05 6.198806e+03
5.339910e-01 8.639907e+05 6.033637e+03
5.577239e-01 8.130066e+05 5.852908e+03
5.814568e-01 7.836381e+05 5.746222e+03
6.051897e-01 7.276399e+05 5.537107e+03
6.289226e-01 6.823019e+05 5.361829e+03
6.526555e-01 6.560936e+05 5.257842e+03
6.763884e-01 6.143793e+05 5.087951e+03
7.001213e-01 5.714010e+05 4.906764e+03
7.238542e-01 5.174253e+05 4.669264e+03
7.475871e-01 4.884360e+05 4.536579e+03
7.713200e-01 4.484072e+05 4.346712e+03
7.950529e-01 4.003726e+05 4.107304e+03
8.187858e-01 3.807795e+05 4.005543e+03
8.425187e-01 3.345567e+05 3.754564e+03
8.662515e-01 3.084748e+05 3.605243e+03
8.899844e-01 2.758618e+05 3.409341e+03
9.137173e-01 2.421955e+05 3.194535e+03
9.374502e-01 2.102567e+05 2.976457e+03
9.611831e-01 1.770538e+05 2.731350e+03
9.849160e-01 1.551433e+05 2.556767e+03
1.008649e+00 1.330221e+05 2.367481e+03
1.032382e+00 1.028952e+05 2.082198e+03
1.056115e+00 8.304929e+04 1.870650e+03
1.079848e+00 6.269779e+04 1.625364e+03
1.103580e+00 4.297832e+04 1.345703e+03
1.127313e+00 2.646116e+04 1.055915e+03
1.151046e+00 1.301990e+04 7.406764e+02
1.174779e+00 3.876476e+03 4.041506e+02
