2.281743e-01 1.028228e+02 7.270673e+01
2.476253e-01 3.598800e+02 1.360218e+02
2.670762e-01 5.655257e+02 1.705124e+02
2.865271e-01 9.254056e+02 2.181202e+02
3.059780e-01 1.182463e+03 2.465605e+02
3.254290e-01 1.747988e+03 2.997775e+02
3.448799e-01 2.313514e+03 3.448783e+02
3.643308e-01 4.215737e+03 4.655503e+02
3.837818e-01 3.495977e+03 4.239495e+02
4.032327e-01 6.066548e+03 5.584710e+02
4.226836e-01 7.763125e+03 6.317542e+02
4.421346e-01 7.403245e+03 6.169371e+02
4.615855e-01 1.007664e+04 7.197599e+02
4.810364e-01 1.105346e+04 7.538395e+02
5.004873e-01 1.331556e+04 8.273886e+02
5.199383e-01 1.645166e+04 9.196755e+02
5.393892e-01 1.835388e+04 9.713903e+02
5.588401e-01 2.154139e+04 1.052366e+03
5.782911e-01 2.765935e+04 1.192479e+03
5.977420e-01 2.961298e+04 1.233874e+03
6.171929e-01 3.367448e+04 1.315771e+03
6.366438e-01 3.907268e+04 1.417315e+03
6.560948e-01 4.539629e+04 1.527707e+03
6.755457e-01 5.177130e+04 1.631452e+03
6.949966e-01 5.855761e+04 1.735088e+03
7.144476e-01 6.632074e+04 1.846522e+03
7.338985e-01 7.562621e+04 1.971814e+03
7.533494e-01 8.230969e+04 2.057100e+03
7.728004e-01 9.464843e+04 2.205904e+03
7.922513e-01 1.044680e+05 2.317509e+03
8.117022e-01 1.230790e+05 2.515485e+03
8.311531e-01 1.331556e+05 2.616432e+03
8.506041e-01 1.447232e+05 2.727714e+03
8.700550e-01 1.596325e+05 2.864775e+03
8.895059e-01 1.739763e+05 2.990714e+03
9.089569e-01 1.870862e+05 3.101349e+03
9.284078e-01 2.024068e+05 3.225836e+03
9.478587e-01 2.233826e+05 3.388867e+03
9.673096e-01 2.311972e+05 3.447633e+03
9.867606e-01 2.494482e+05 3.581130e+03
1.006212e+00 2.540753e+05 3.614190e+03
1.025662e+00 2.726862e+05 3.744220e+03
1.045113e+00 2.670824e+05 3.705548e+03
1.064564e+00 2.792154e+05 3.788781e+03
1.084015e+00 2.850764e+05 3.828339e+03
1.103466e+00 2.808092e+05 3.799579e+03
1.122917e+00 2.692930e+05 3.720852e+03
1.142368e+00 2.417365e+05 3.525340e+03
1.161819e+00 2.034864e+05 3.234428e+03
1.181270e+00 1.234902e+05 2.519684e+03
