1.191393e-02 4.551506e+05 4.370996e+03
3.573681e-02 4.933911e+05 4.550913e+03
5.955970e-02 5.302884e+05 4.718010e+03
8.338258e-02 5.604275e+05 4.850232e+03
1.072055e-01 5.953099e+05 4.998899e+03
1.310284e-01 6.287232e+05 5.137272e+03
1.548512e-01 6.503410e+05 5.224845e+03
1.786741e-01 6.863568e+05 5.367571e+03
2.024970e-01 7.139773e+05 5.474507e+03
2.263199e-01 7.446201e+05 5.590752e+03
2.501428e-01 7.817693e+05 5.728516e+03
2.739657e-01 7.913399e+05 5.763474e+03
2.977885e-01 8.115306e+05 5.836537e+03
3.216114e-01 8.566133e+05 5.996464e+03
3.454343e-01 8.629937e+05 6.018755e+03
3.692572e-01 9.000589e+05 6.146647e+03
3.930801e-01 9.168915e+05 6.203857e+03
4.169030e-01 9.246571e+05 6.230074e+03
4.407259e-01 9.580284e+05 6.341500e+03
4.645487e-01 9.756165e+05 6.399446e+03
4.883716e-01 9.814932e+05 6.418691e+03
5.121945e-01 1.000089e+06 6.479211e+03
5.360174e-01 1.014613e+06 6.526088e+03
5.598403e-01 1.021287e+06 6.547518e+03
5.836632e-01 1.030564e+06 6.577188e+03
6.074861e-01 1.035895e+06 6.594177e+03
6.313089e-01 1.053441e+06 6.649790e+03
6.551318e-01 1.056127e+06 6.658263e+03
6.789547e-01 1.056841e+06 6.660512e+03
7.027776e-01 1.063389e+06 6.681115e+03
7.266005e-01 1.059401e+06 6.668576e+03
7.504234e-01 1.048278e+06 6.633474e+03
7.742462e-01 1.037028e+06 6.597784e+03
7.980691e-01 1.039505e+06 6.605657e+03
8.218920e-01 1.033544e+06 6.586691e+03
8.457149e-01 1.010625e+06 6.513251e+03
8.695378e-01 1.007812e+06 6.504182e+03
8.933607e-01 9.968146e+05 6.468596e+03
9.171836e-01 9.740214e+05 6.394213e+03
9.410064e-01 9.462750e+05 6.302480e+03
9.648293e-01 9.089579e+05 6.176959e+03
9.886522e-01 8.736138e+05 6.055675e+03
1.012475e+00 8.493094e+05 5.970845e+03
1.036298e+00 7.969228e+05 5.783769e+03
1.060121e+00 7.491536e+05 5.607745e+03
1.083944e+00 6.955077e+05 5.403234e+03
1.107767e+00 6.191945e+05 5.098194e+03
1.131590e+00 5.309600e+05 4.720997e+03
1.155412e+00 4.166582e+05 4.182084e+03
1.179235e+00 2.309964e+05 3.113905e+03
