1.250554e-02 7.559045e+04 1.784164e+03
3.625192e-02 2.156539e+05 3.013560e+03
5.999831e-02 3.457790e+05 3.815931e+03
8.374469e-02 4.590172e+05 4.396588e+03
1.074911e-01 5.718765e+05 4.907411e+03
1.312375e-01 6.811563e+05 5.355804e+03
1.549838e-01 7.700120e+05 5.694426e+03
1.787302e-01 8.651001e+05 6.035794e+03
2.024766e-01 9.500394e+05 6.325168e+03
2.262230e-01 1.012112e+06 6.528532e+03
2.499694e-01 1.088755e+06 6.771211e+03
2.737158e-01 1.129688e+06 6.897321e+03
2.974622e-01 1.180517e+06 7.050782e+03
3.212085e-01 1.233746e+06 7.207988e+03
3.449549e-01 1.282300e+06 7.348457e+03
3.687013e-01 1.306388e+06 7.417156e+03
3.924477e-01 1.336498e+06 7.502145e+03
4.161941e-01 1.347826e+06 7.533871e+03
4.399405e-01 1.362565e+06 7.574953e+03
4.636868e-01 1.368124e+06 7.590388e+03
4.874332e-01 1.360376e+06 7.568863e+03
5.111796e-01 1.373725e+06 7.605909e+03
5.349260e-01 1.362186e+06 7.573899e+03
5.586724e-01 1.336877e+06 7.503208e+03
5.824188e-01 1.302556e+06 7.406269e+03
6.061651e-01 1.292534e+06 7.377720e+03
6.299115e-01 1.261961e+06 7.289943e+03
6.536579e-01 1.228440e+06 7.192472e+03
6.774043e-01 1.184138e+06 7.061589e+03
7.011507e-01 1.139037e+06 6.925802e+03
7.248971e-01 1.095451e+06 6.792001e+03
7.486435e-01 1.042390e+06 6.625466e+03
7.723898e-01 9.830549e+05 6.434135e+03
7.961362e-01 9.337843e+05 6.270823e+03
8.198826e-01 8.810183e+05 6.091072e+03
8.436290e-01 8.095969e+05 5.838962e+03
8.673754e-01 7.547254e+05 5.637619e+03
8.911218e-01 6.960639e+05 5.414094e+03
9.148681e-01 6.215262e+05 5.116005e+03
9.386145e-01 5.624014e+05 4.866587e+03
9.623609e-01 4.876532e+05 4.531654e+03
9.861073e-01 4.308024e+05 4.259321e+03
1.009854e+00 3.684350e+05 3.938961e+03
1.033600e+00 3.068257e+05 3.594571e+03
1.057346e+00 2.495959e+05 3.242052e+03
1.081093e+00 1.909343e+05 2.835589e+03
1.104839e+00 1.363576e+05 2.396299e+03
1.128586e+00 8.304422e+04 1.870062e+03
1.152332e+00 4.223801e+04 1.333684e+03
1.176078e+00 1.115959e+04 6.855284e+02
