1.191247e-02 7.203617e+05 5.499265e+03
3.573245e-02 7.495809e+05 5.609686e+03
5.955243e-02 7.607480e+05 5.651318e+03
8.337241e-02 7.792198e+05 5.719517e+03
1.071924e-01 7.960545e+05 5.780970e+03
1.310124e-01 8.145263e+05 5.847657e+03
1.548323e-01 8.308152e+05 5.905838e+03
1.786523e-01 8.418563e+05 5.944951e+03
2.024723e-01 8.655759e+05 6.028120e+03
2.262923e-01 8.785482e+05 6.073124e+03
2.501123e-01 9.025197e+05 6.155420e+03
2.739322e-01 8.929899e+05 6.122835e+03
2.977522e-01 9.064240e+05 6.168719e+03
3.215722e-01 9.342158e+05 6.262575e+03
3.453922e-01 9.373224e+05 6.272979e+03
3.692122e-01 9.540311e+05 6.328643e+03
3.930321e-01 9.560462e+05 6.335323e+03
4.168521e-01 9.620496e+05 6.355183e+03
4.406721e-01 9.746440e+05 6.396646e+03
4.644921e-01 9.838800e+05 6.426883e+03
4.883120e-01 9.773728e+05 6.405595e+03
5.121320e-01 9.889178e+05 6.443316e+03
5.359520e-01 9.879942e+05 6.440306e+03
5.597720e-01 9.823686e+05 6.421945e+03
5.835920e-01 9.955928e+05 6.465025e+03
6.074119e-01 9.793879e+05 6.412195e+03
6.312319e-01 9.984476e+05 6.474287e+03
6.550519e-01 9.908489e+05 6.449604e+03
6.788719e-01 9.832503e+05 6.424826e+03
7.026919e-01 9.751058e+05 6.398161e+03
7.265118e-01 9.593208e+05 6.346163e+03
7.503318e-01 9.613779e+05 6.352964e+03
7.741518e-01 9.396314e+05 6.280700e+03
7.979718e-01 9.325785e+05 6.257084e+03
8.217917e-01 9.147783e+05 6.197082e+03
8.456117e-01 8.999588e+05 6.146680e+03
8.694317e-01 8.874903e+05 6.103952e+03
8.932517e-01 8.661637e+05 6.030166e+03
9.170717e-01 8.457186e+05 5.958573e+03
9.408916e-01 8.159117e+05 5.852628e+03
9.647116e-01 7.822845e+05 5.730753e+03
9.885316e-01 7.484054e+05 5.605286e+03
1.012352e+00 7.280023e+05 5.528352e+03
1.036172e+00 6.737621e+05 5.318420e+03
1.059992e+00 6.377000e+05 5.174132e+03
1.083812e+00 5.841315e+05 4.952046e+03
1.107631e+00 5.212851e+05 4.678073e+03
1.131451e+00 4.402187e+05 4.298962e+03
1.155271e+00 3.482371e+05 3.823550e+03
1.179091e+00 1.938289e+05 2.852585e+03
