8.631150e-02 5.249295e+04 1.786881e+03
1.027518e-01 1.020663e+05 2.491645e+03
1.191921e-01 1.321144e+05 2.834785e+03
1.356324e-01 1.523695e+05 3.044347e+03
1.520727e-01 1.627099e+05 3.145952e+03
1.685130e-01 1.777340e+05 3.287989e+03
1.849533e-01 1.855197e+05 3.359233e+03
2.013936e-01 1.891693e+05 3.392114e+03
2.178339e-01 1.968334e+05 3.460146e+03
2.342742e-01 1.916023e+05 3.413858e+03
2.507145e-01 1.997530e+05 3.485714e+03
2.671548e-01 1.979282e+05 3.469756e+03
2.835951e-01 1.987190e+05 3.476681e+03
3.000354e-01 1.964076e+05 3.456402e+03
3.164757e-01 1.926972e+05 3.423598e+03
3.329160e-01 1.852156e+05 3.356479e+03
3.493563e-01 1.876486e+05 3.378452e+03
3.657966e-01 1.866146e+05 3.369131e+03
3.822369e-01 1.776731e+05 3.287426e+03
3.986772e-01 1.725637e+05 3.239813e+03
4.151175e-01 1.749360e+05 3.262005e+03
4.315578e-01 1.689142e+05 3.205370e+03
4.479981e-01 1.650821e+05 3.168802e+03
4.644384e-01 1.583304e+05 3.103325e+03
4.808787e-01 1.572356e+05 3.092577e+03
4.973190e-01 1.532819e+05 3.053448e+03
5.137593e-01 1.527953e+05 3.048597e+03
5.301996e-01 1.543767e+05 3.064334e+03
5.466399e-01 1.456786e+05 2.976754e+03
5.630802e-01 1.405692e+05 2.924086e+03
5.795206e-01 1.348515e+05 2.864000e+03
5.959609e-01 1.282823e+05 2.793370e+03
6.124012e-01 1.155697e+05 2.651350e+03
6.288415e-01 1.057766e+05 2.536530e+03
6.452818e-01 9.561868e+04 2.411662e+03
6.617221e-01 8.606898e+04 2.288065e+03
6.781624e-01 7.627597e+04 2.153967e+03
6.946027e-01 6.599636e+04 2.003573e+03
7.110430e-01 5.571674e+04 1.840933e+03
7.274833e-01 4.835678e+04 1.715038e+03
7.439236e-01 4.081434e+04 1.575620e+03
7.603639e-01 3.266363e+04 1.409540e+03
7.768042e-01 2.627689e+04 1.264247e+03
7.932445e-01 2.043758e+04 1.114961e+03
8.096848e-01 1.563232e+04 9.751171e+02
8.261251e-01 1.216523e+04 8.602114e+02
8.425654e-01 7.116658e+03 6.579352e+02
8.590057e-01 3.892873e+03 4.866091e+02
8.754460e-01 1.520653e+03 3.041307e+02
8.918863e-01 4.866091e+02 1.720423e+02
