9.897542e-03 1.002536e+04 7.292378e+02
2.874973e-02 2.938651e+04 1.248513e+03
4.760192e-02 4.598936e+04 1.561881e+03
6.645410e-02 6.747228e+04 1.891829e+03
8.530629e-02 8.455253e+04 2.117788e+03
1.041585e-01 9.616922e+04 2.258589e+03
1.230107e-01 1.121886e+05 2.439459e+03
1.418628e-01 1.251844e+05 2.576880e+03
1.607150e-01 1.443334e+05 2.766958e+03
1.795672e-01 1.562683e+05 2.879086e+03
1.984194e-01 1.663468e+05 2.970478e+03
2.172716e-01 1.726060e+05 3.025848e+03
2.361238e-01 1.879888e+05 3.157804e+03
2.549760e-01 1.943541e+05 3.210820e+03
2.738282e-01 1.958924e+05 3.223502e+03
2.926803e-01 2.046977e+05 3.295154e+03
3.115325e-01 2.066073e+05 3.310488e+03
3.303847e-01 2.076152e+05 3.318552e+03
3.492369e-01 2.121770e+05 3.354813e+03
3.680891e-01 1.983855e+05 3.243949e+03
3.869413e-01 1.946724e+05 3.213448e+03
4.057935e-01 1.891558e+05 3.167590e+03
4.246456e-01 1.911184e+05 3.183981e+03
4.434978e-01 1.812522e+05 3.100707e+03
4.623500e-01 1.740382e+05 3.038375e+03
4.812022e-01 1.678320e+05 2.983709e+03
5.000544e-01 1.658694e+05 2.966212e+03
5.189066e-01 1.477813e+05 2.799812e+03
5.377588e-01 1.345732e+05 2.671767e+03
5.566110e-01 1.282610e+05 2.608353e+03
5.754631e-01 1.186069e+05 2.508269e+03
5.943153e-01 1.092711e+05 2.407531e+03
6.131675e-01 9.272134e+04 2.217732e+03
6.320197e-01 8.757605e+04 2.155320e+03
6.508719e-01 7.627762e+04 2.011489e+03
6.697241e-01 6.322874e+04 1.831371e+03
6.885763e-01 5.081639e+04 1.641803e+03
7.074284e-01 4.678502e+04 1.575334e+03
7.262806e-01 4.089711e+04 1.472874e+03
7.451328e-01 3.320570e+04 1.327167e+03
7.639850e-01 2.577950e+04 1.169382e+03
7.828372e-01 1.989159e+04 1.027197e+03
8.016894e-01 1.532979e+04 9.017522e+02
8.205416e-01 1.145756e+04 7.795880e+02
8.393938e-01 8.593168e+03 6.751430e+02
8.582459e-01 5.516601e+03 5.409473e+02
8.770981e-01 2.758301e+03 3.825075e+02
8.959503e-01 1.803504e+03 3.092984e+02
9.148025e-01 8.487079e+02 2.121770e+02
9.336547e-01 2.121770e+02 1.060885e+02
